agent_id,start_pos,path
0,A5169,"['A5169', 'A5168', 'A5170', 'A5171', 'A5172', 'A5175', 'A5172', 'A5173', 'A5174', 'A5173', 'A5172', 'A5171', 'A5170', 'A5168', 'A5900', 'A5176', 'A5706', 'A5177', 'A5705', 'A5179', 'A5159', 'A5163', 'A5217', 'A5216', 'A5218', 'A5221', 'A5222', 'A5229', 'A5703', 'A5230', 'A5231', 'A5232', 'A5233', 'A5234', 'A5227', 'A5214', 'A5215', 'A5218', 'A5216', 'A5220', 'A5223', 'A5222', 'A5221', 'A5218', 'A5215', 'A5214', 'A5227', 'A5703', 'A5229', 'A5222', 'A5225', 'A5226', 'A5161', 'A5702', 'A5156', 'N-0498', 'A5156', 'A5159', 'A5179', 'A5164', 'A5165', 'A5182', 'A5181', 'A5180', 'A5164', 'A5179', 'A5705', 'A5165', 'A5164', 'A5180', 'A5184', 'A5180', 'A5186', 'A5185', 'A5186', 'A5188', 'A5190', 'A5191', 'A5190', 'A5192', 'A5193', 'A5194', 'A5195', 'A5198', 'A5199', 'A5200', 'A5199', 'A5201', 'A5202', 'A5201', 'A5503', 'A5203', 'A5204', 'A5205', 'A5204', 'A5208', 'A5207', 'A5206', 'A5503', 'A5196']"
1,A5169,"['A5169', 'A5168', 'A5170', 'A5171', 'A5172', 'A5175', 'A5172', 'A5173', 'A5174', 'A5173', 'A5172', 'A5171', 'A5170', 'A5168', 'A5900', 'A5176', 'A5706', 'A5177', 'A5705', 'A5179', 'A5159', 'A5163', 'A5217', 'A5216', 'A5218', 'A5221', 'A5222', 'A5229', 'A5703', 'A5230', 'A5231', 'A5232', 'A5233', 'A5234', 'A5227', 'A5214', 'A5215', 'A5218', 'A5216', 'A5220', 'A5223', 'A5222', 'A5221', 'A5218', 'A5215', 'A5214', 'A5227', 'A5703', 'A5229', 'A5222', 'A5225', 'A5226', 'A5161', 'A5702', 'A5156', 'N-0498', 'A5156', 'A5159', 'A5179', 'A5164', 'A5165', 'A5182', 'A5181', 'A5180', 'A5164', 'A5179', 'A5705', 'A5165', 'A5164', 'A5180', 'A5184', 'A5180', 'A5186', 'A5185', 'A5186', 'A5188', 'A5190', 'A5191', 'A5190', 'A5192', 'A5193', 'A5194', 'A5195', 'A5198', 'A5199', 'A5200', 'A5199', 'A5201', 'A5202', 'A5201', 'A5503', 'A5203', 'A5204', 'A5205', 'A5204', 'A5208', 'A5207', 'A5206', 'A5503', 'A5196']"
2,A5169,"['A5169', 'A5168', 'A5170', 'A5171', 'A5172', 'A5175', 'A5172', 'A5173', 'A5174', 'A5173', 'A5172', 'A5171', 'A5170', 'A5168', 'A5900', 'A5176', 'A5706', 'A5177', 'A5705', 'A5179', 'A5159', 'A5163', 'A5217', 'A5216', 'A5218', 'A5221', 'A5222', 'A5229', 'A5703', 'A5230', 'A5231', 'A5232', 'A5233', 'A5234', 'A5227', 'A5214', 'A5215', 'A5218', 'A5216', 'A5220', 'A5223', 'A5222', 'A5221', 'A5218', 'A5215', 'A5214', 'A5227', 'A5703', 'A5229', 'A5222', 'A5225', 'A5226', 'A5161', 'A5702', 'A5156', 'N-0498', 'A5156', 'A5159', 'A5179', 'A5164', 'A5165', 'A5182', 'A5181', 'A5180', 'A5164', 'A5179', 'A5705', 'A5165', 'A5164', 'A5180', 'A5184', 'A5180', 'A5186', 'A5185', 'A5186', 'A5188', 'A5190', 'A5191', 'A5190', 'A5192', 'A5193', 'A5194', 'A5195', 'A5198', 'A5199', 'A5200', 'A5199', 'A5201', 'A5202', 'A5201', 'A5503', 'A5203', 'A5204', 'A5205', 'A5204', 'A5208', 'A5207', 'A5206', 'A5503', 'A5196']"
3,A5169,"['A5169', 'A5168', 'A5170', 'A5171', 'A5172', 'A5175', 'A5172', 'A5173', 'A5174', 'A5173', 'A5172', 'A5171', 'A5170', 'A5168', 'A5900', 'A5176', 'A5706', 'A5177', 'A5705', 'A5179', 'A5159', 'A5163', 'A5217', 'A5216', 'A5218', 'A5221', 'A5222', 'A5229', 'A5703', 'A5230', 'A5231', 'A5232', 'A5233', 'A5234', 'A5227', 'A5214', 'A5215', 'A5218', 'A5216', 'A5220', 'A5223', 'A5222', 'A5221', 'A5218', 'A5215', 'A5214', 'A5227', 'A5703', 'A5229', 'A5222', 'A5225', 'A5226', 'A5161', 'A5702', 'A5156', 'N-0498', 'A5156', 'A5159', 'A5179', 'A5164', 'A5165', 'A5182', 'A5181', 'A5180', 'A5164', 'A5179', 'A5705', 'A5165', 'A5164', 'A5180', 'A5184', 'A5180', 'A5186', 'A5185', 'A5186', 'A5188', 'A5190', 'A5191', 'A5190', 'A5192', 'A5193', 'A5194', 'A5195', 'A5198', 'A5199', 'A5200', 'A5199', 'A5201', 'A5202', 'A5201', 'A5503', 'A5203', 'A5204', 'A5205', 'A5204', 'A5208', 'A5207', 'A5206', 'A5503', 'A5196']"
4,A5169,"['A5169', 'A5168', 'A5170', 'A5171', 'A5172', 'A5175', 'A5172', 'A5173', 'A5174', 'A5173', 'A5172', 'A5171', 'A5170', 'A5168', 'A5900', 'A5176', 'A5706', 'A5177', 'A5705', 'A5179', 'A5159', 'A5163', 'A5217', 'A5216', 'A5218', 'A5221', 'A5222', 'A5229', 'A5703', 'A5230', 'A5231', 'A5232', 'A5233', 'A5234', 'A5227', 'A5214', 'A5215', 'A5218', 'A5216', 'A5220', 'A5223', 'A5222', 'A5221', 'A5218', 'A5215', 'A5214', 'A5227', 'A5703', 'A5229', 'A5222', 'A5225', 'A5226', 'A5161', 'A5702', 'A5156', 'N-0498', 'A5156', 'A5159', 'A5179', 'A5164', 'A5165', 'A5182', 'A5181', 'A5180', 'A5164', 'A5179', 'A5705', 'A5165', 'A5164', 'A5180', 'A5184', 'A5180', 'A5186', 'A5185', 'A5186', 'A5188', 'A5190', 'A5191', 'A5190', 'A5192', 'A5193', 'A5194', 'A5195', 'A5198', 'A5199', 'A5200', 'A5199', 'A5201', 'A5202', 'A5201', 'A5503', 'A5203', 'A5204', 'A5205', 'A5204', 'A5208', 'A5207', 'A5206', 'A5503', 'A5196']"
5,A5169,"['A5169', 'A5168', 'A5170', 'A5171', 'A5172', 'A5175', 'A5172', 'A5173', 'A5174', 'A5173', 'A5172', 'A5171', 'A5170', 'A5168', 'A5900', 'A5176', 'A5706', 'A5177', 'A5705', 'A5179', 'A5159', 'A5163', 'A5217', 'A5216', 'A5218', 'A5221', 'A5222', 'A5229', 'A5703', 'A5230', 'A5231', 'A5232', 'A5233', 'A5234', 'A5227', 'A5214', 'A5215', 'A5218', 'A5216', 'A5220', 'A5223', 'A5222', 'A5221', 'A5218', 'A5215', 'A5214', 'A5227', 'A5703', 'A5229', 'A5222', 'A5225', 'A5226', 'A5161', 'A5702', 'A5156', 'N-0498', 'A5156', 'A5159', 'A5179', 'A5164', 'A5165', 'A5182', 'A5181', 'A5180', 'A5164', 'A5179', 'A5705', 'A5165', 'A5164', 'A5180', 'A5184', 'A5180', 'A5186', 'A5185', 'A5186', 'A5188', 'A5190', 'A5191', 'A5190', 'A5192', 'A5193', 'A5194', 'A5195', 'A5198', 'A5199', 'A5200', 'A5199', 'A5201', 'A5202', 'A5201', 'A5503', 'A5203', 'A5204', 'A5205', 'A5204', 'A5208', 'A5207', 'A5206', 'A5503', 'A5196']"
6,A5169,"['A5169', 'A5168', 'A5170', 'A5171', 'A5172', 'A5175', 'A5172', 'A5173', 'A5174', 'A5173', 'A5172', 'A5171', 'A5170', 'A5168', 'A5900', 'A5176', 'A5706', 'A5177', 'A5705', 'A5179', 'A5159', 'A5163', 'A5217', 'A5216', 'A5218', 'A5221', 'A5222', 'A5229', 'A5703', 'A5230', 'A5231', 'A5232', 'A5233', 'A5234', 'A5227', 'A5214', 'A5215', 'A5218', 'A5216', 'A5220', 'A5223', 'A5222', 'A5221', 'A5218', 'A5215', 'A5214', 'A5227', 'A5703', 'A5229', 'A5222', 'A5225', 'A5226', 'A5161', 'A5702', 'A5156', 'N-0498', 'A5156', 'A5159', 'A5179', 'A5164', 'A5165', 'A5182', 'A5181', 'A5180', 'A5164', 'A5179', 'A5705', 'A5165', 'A5164', 'A5180', 'A5184', 'A5180', 'A5186', 'A5185', 'A5186', 'A5188', 'A5190', 'A5191', 'A5190', 'A5192', 'A5193', 'A5194', 'A5195', 'A5198', 'A5199', 'A5200', 'A5199', 'A5201', 'A5202', 'A5201', 'A5503', 'A5203', 'A5204', 'A5205', 'A5204', 'A5208', 'A5207', 'A5206', 'A5503', 'A5196']"
7,A5169,"['A5169', 'A5168', 'A5170', 'A5171', 'A5172', 'A5175', 'A5172', 'A5173', 'A5174', 'A5173', 'A5172', 'A5171', 'A5170', 'A5168', 'A5900', 'A5176', 'A5706', 'A5177', 'A5705', 'A5179', 'A5159', 'A5163', 'A5217', 'A5216', 'A5218', 'A5221', 'A5222', 'A5229', 'A5703', 'A5230', 'A5231', 'A5232', 'A5233', 'A5234', 'A5227', 'A5214', 'A5215', 'A5218', 'A5216', 'A5220', 'A5223', 'A5222', 'A5221', 'A5218', 'A5215', 'A5214', 'A5227', 'A5703', 'A5229', 'A5222', 'A5225', 'A5226', 'A5161', 'A5702', 'A5156', 'N-0498', 'A5156', 'A5159', 'A5179', 'A5164', 'A5165', 'A5182', 'A5181', 'A5180', 'A5164', 'A5179', 'A5705', 'A5165', 'A5164', 'A5180', 'A5184', 'A5180', 'A5186', 'A5185', 'A5186', 'A5188', 'A5190', 'A5191', 'A5190', 'A5192', 'A5193', 'A5194', 'A5195', 'A5198', 'A5199', 'A5200', 'A5199', 'A5201', 'A5202', 'A5201', 'A5503', 'A5203', 'A5204', 'A5205', 'A5204', 'A5208', 'A5207', 'A5206', 'A5503', 'A5196']"
8,A5169,"['A5169', 'A5168', 'A5170', 'A5171', 'A5172', 'A5175', 'A5172', 'A5173', 'A5174', 'A5173', 'A5172', 'A5171', 'A5170', 'A5168', 'A5900', 'A5176', 'A5706', 'A5177', 'A5705', 'A5179', 'A5159', 'A5163', 'A5217', 'A5216', 'A5218', 'A5221', 'A5222', 'A5229', 'A5703', 'A5230', 'A5231', 'A5232', 'A5233', 'A5234', 'A5227', 'A5214', 'A5215', 'A5218', 'A5216', 'A5220', 'A5223', 'A5222', 'A5221', 'A5218', 'A5215', 'A5214', 'A5227', 'A5703', 'A5229', 'A5222', 'A5225', 'A5226', 'A5161', 'A5702', 'A5156', 'N-0498', 'A5156', 'A5159', 'A5179', 'A5164', 'A5165', 'A5182', 'A5181', 'A5180', 'A5164', 'A5179', 'A5705', 'A5165', 'A5164', 'A5180', 'A5184', 'A5180', 'A5186', 'A5185', 'A5186', 'A5188', 'A5190', 'A5191', 'A5190', 'A5192', 'A5193', 'A5194', 'A5195', 'A5198', 'A5199', 'A5200', 'A5199', 'A5201', 'A5202', 'A5201', 'A5503', 'A5203', 'A5204', 'A5205', 'A5204', 'A5208', 'A5207', 'A5206', 'A5503', 'A5196']"
9,A5169,"['A5169', 'A5168', 'A5170', 'A5171', 'A5172', 'A5175', 'A5172', 'A5173', 'A5174', 'A5173', 'A5172', 'A5171', 'A5170', 'A5168', 'A5900', 'A5176', 'A5706', 'A5177', 'A5705', 'A5179', 'A5159', 'A5163', 'A5217', 'A5216', 'A5218', 'A5221', 'A5222', 'A5229', 'A5703', 'A5230', 'A5231', 'A5232', 'A5233', 'A5234', 'A5227', 'A5214', 'A5215', 'A5218', 'A5216', 'A5220', 'A5223', 'A5222', 'A5221', 'A5218', 'A5215', 'A5214', 'A5227', 'A5703', 'A5229', 'A5222', 'A5225', 'A5226', 'A5161', 'A5702', 'A5156', 'N-0498', 'A5156', 'A5159', 'A5179', 'A5164', 'A5165', 'A5182', 'A5181', 'A5180', 'A5164', 'A5179', 'A5705', 'A5165', 'A5164', 'A5180', 'A5184', 'A5180', 'A5186', 'A5185', 'A5186', 'A5188', 'A5190', 'A5191', 'A5190', 'A5192', 'A5193', 'A5194', 'A5195', 'A5198', 'A5199', 'A5200', 'A5199', 'A5201', 'A5202', 'A5201', 'A5503', 'A5203', 'A5204', 'A5205', 'A5204', 'A5208', 'A5207', 'A5206', 'A5503', 'A5196']"
10,A5169,"['A5169', 'A5168', 'A5170', 'A5171', 'A5172', 'A5175', 'A5172', 'A5173', 'A5174', 'A5173', 'A5172', 'A5171', 'A5170', 'A5168', 'A5900', 'A5176', 'A5706', 'A5177', 'A5705', 'A5179', 'A5159', 'A5163', 'A5217', 'A5216', 'A5218', 'A5221', 'A5222', 'A5229', 'A5703', 'A5230', 'A5231', 'A5232', 'A5233', 'A5234', 'A5227', 'A5214', 'A5215', 'A5218', 'A5216', 'A5220', 'A5223', 'A5222', 'A5221', 'A5218', 'A5215', 'A5214', 'A5227', 'A5703', 'A5229', 'A5222', 'A5225', 'A5226', 'A5161', 'A5702', 'A5156', 'N-0498', 'A5156', 'A5159', 'A5179', 'A5164', 'A5165', 'A5182', 'A5181', 'A5180', 'A5164', 'A5179', 'A5705', 'A5165', 'A5164', 'A5180', 'A5184', 'A5180', 'A5186', 'A5185', 'A5186', 'A5188', 'A5190', 'A5191', 'A5190', 'A5192', 'A5193', 'A5194', 'A5195', 'A5198', 'A5199', 'A5200', 'A5199', 'A5201', 'A5202', 'A5201', 'A5503', 'A5203', 'A5204', 'A5205', 'A5204', 'A5208', 'A5207', 'A5206', 'A5503', 'A5196']"
11,A5169,"['A5169', 'A5168', 'A5170', 'A5171', 'A5172', 'A5175', 'A5172', 'A5173', 'A5174', 'A5173', 'A5172', 'A5171', 'A5170', 'A5168', 'A5900', 'A5176', 'A5706', 'A5177', 'A5705', 'A5179', 'A5159', 'A5163', 'A5217', 'A5216', 'A5218', 'A5221', 'A5222', 'A5229', 'A5703', 'A5230', 'A5231', 'A5232', 'A5233', 'A5234', 'A5227', 'A5214', 'A5215', 'A5218', 'A5216', 'A5220', 'A5223', 'A5222', 'A5221', 'A5218', 'A5215', 'A5214', 'A5227', 'A5703', 'A5229', 'A5222', 'A5225', 'A5226', 'A5161', 'A5702', 'A5156', 'N-0498', 'A5156', 'A5159', 'A5179', 'A5164', 'A5165', 'A5182', 'A5181', 'A5180', 'A5164', 'A5179', 'A5705', 'A5165', 'A5164', 'A5180', 'A5184', 'A5180', 'A5186', 'A5185', 'A5186', 'A5188', 'A5190', 'A5191', 'A5190', 'A5192', 'A5193', 'A5194', 'A5195', 'A5198', 'A5199', 'A5200', 'A5199', 'A5201', 'A5202', 'A5201', 'A5503', 'A5203', 'A5204', 'A5205', 'A5204', 'A5208', 'A5207', 'A5206', 'A5503', 'A5196']"
12,A5169,"['A5169', 'A5168', 'A5170', 'A5171', 'A5172', 'A5175', 'A5172', 'A5173', 'A5174', 'A5173', 'A5172', 'A5171', 'A5170', 'A5168', 'A5900', 'A5176', 'A5706', 'A5177', 'A5705', 'A5179', 'A5159', 'A5163', 'A5217', 'A5216', 'A5218', 'A5221', 'A5222', 'A5229', 'A5703', 'A5230', 'A5231', 'A5232', 'A5233', 'A5234', 'A5227', 'A5214', 'A5215', 'A5218', 'A5216', 'A5220', 'A5223', 'A5222', 'A5221', 'A5218', 'A5215', 'A5214', 'A5227', 'A5703', 'A5229', 'A5222', 'A5225', 'A5226', 'A5161', 'A5702', 'A5156', 'N-0498', 'A5156', 'A5159', 'A5179', 'A5164', 'A5165', 'A5182', 'A5181', 'A5180', 'A5164', 'A5179', 'A5705', 'A5165', 'A5164', 'A5180', 'A5184', 'A5180', 'A5186', 'A5185', 'A5186', 'A5188', 'A5190', 'A5191', 'A5190', 'A5192', 'A5193', 'A5194', 'A5195', 'A5198', 'A5199', 'A5200', 'A5199', 'A5201', 'A5202', 'A5201', 'A5503', 'A5203', 'A5204', 'A5205', 'A5204', 'A5208', 'A5207', 'A5206', 'A5503', 'A5196']"
13,A5169,"['A5169', 'A5168', 'A5170', 'A5171', 'A5172', 'A5175', 'A5172', 'A5173', 'A5174', 'A5173', 'A5172', 'A5171', 'A5170', 'A5168', 'A5900', 'A5176', 'A5706', 'A5177', 'A5705', 'A5179', 'A5159', 'A5163', 'A5217', 'A5216', 'A5218', 'A5221', 'A5222', 'A5229', 'A5703', 'A5230', 'A5231', 'A5232', 'A5233', 'A5234', 'A5227', 'A5214', 'A5215', 'A5218', 'A5216', 'A5220', 'A5223', 'A5222', 'A5221', 'A5218', 'A5215', 'A5214', 'A5227', 'A5703', 'A5229', 'A5222', 'A5225', 'A5226', 'A5161', 'A5702', 'A5156', 'N-0498', 'A5156', 'A5159', 'A5179', 'A5164', 'A5165', 'A5182', 'A5181', 'A5180', 'A5164', 'A5179', 'A5705', 'A5165', 'A5164', 'A5180', 'A5184', 'A5180', 'A5186', 'A5185', 'A5186', 'A5188', 'A5190', 'A5191', 'A5190', 'A5192', 'A5193', 'A5194', 'A5195', 'A5198', 'A5199', 'A5200', 'A5199', 'A5201', 'A5202', 'A5201', 'A5503', 'A5203', 'A5204', 'A5205', 'A5204', 'A5208', 'A5207', 'A5206', 'A5503', 'A5196']"
14,A5169,"['A5169', 'A5168', 'A5170', 'A5171', 'A5172', 'A5175', 'A5172', 'A5173', 'A5174', 'A5173', 'A5172', 'A5171', 'A5170', 'A5168', 'A5900', 'A5176', 'A5706', 'A5177', 'A5705', 'A5179', 'A5159', 'A5163', 'A5217', 'A5216', 'A5218', 'A5221', 'A5222', 'A5229', 'A5703', 'A5230', 'A5231', 'A5232', 'A5233', 'A5234', 'A5227', 'A5214', 'A5215', 'A5218', 'A5216', 'A5220', 'A5223', 'A5222', 'A5221', 'A5218', 'A5215', 'A5214', 'A5227', 'A5703', 'A5229', 'A5222', 'A5225', 'A5226', 'A5161', 'A5702', 'A5156', 'N-0498', 'A5156', 'A5159', 'A5179', 'A5164', 'A5165', 'A5182', 'A5181', 'A5180', 'A5164', 'A5179', 'A5705', 'A5165', 'A5164', 'A5180', 'A5184', 'A5180', 'A5186', 'A5185', 'A5186', 'A5188', 'A5190', 'A5191', 'A5190', 'A5192', 'A5193', 'A5194', 'A5195', 'A5198', 'A5199', 'A5200', 'A5199', 'A5201', 'A5202', 'A5201', 'A5503', 'A5203', 'A5204', 'A5205', 'A5204', 'A5208', 'A5207', 'A5206', 'A5503', 'A5196']"
15,A5169,"['A5169', 'A5168', 'A5170', 'A5171', 'A5172', 'A5175', 'A5172', 'A5173', 'A5174', 'A5173', 'A5172', 'A5171', 'A5170', 'A5168', 'A5900', 'A5176', 'A5706', 'A5177', 'A5705', 'A5179', 'A5159', 'A5163', 'A5217', 'A5216', 'A5218', 'A5221', 'A5222', 'A5229', 'A5703', 'A5230', 'A5231', 'A5232', 'A5233', 'A5234', 'A5227', 'A5214', 'A5215', 'A5218', 'A5216', 'A5220', 'A5223', 'A5222', 'A5221', 'A5218', 'A5215', 'A5214', 'A5227', 'A5703', 'A5229', 'A5222', 'A5225', 'A5226', 'A5161', 'A5702', 'A5156', 'N-0498', 'A5156', 'A5159', 'A5179', 'A5164', 'A5165', 'A5182', 'A5181', 'A5180', 'A5164', 'A5179', 'A5705', 'A5165', 'A5164', 'A5180', 'A5184', 'A5180', 'A5186', 'A5185', 'A5186', 'A5188', 'A5190', 'A5191', 'A5190', 'A5192', 'A5193', 'A5194', 'A5195', 'A5198', 'A5199', 'A5200', 'A5199', 'A5201', 'A5202', 'A5201', 'A5503', 'A5203', 'A5204', 'A5205', 'A5204', 'A5208', 'A5207', 'A5206', 'A5503', 'A5196']"
16,A5169,"['A5169', 'A5168', 'A5170', 'A5171', 'A5172', 'A5175', 'A5172', 'A5173', 'A5174', 'A5173', 'A5172', 'A5171', 'A5170', 'A5168', 'A5900', 'A5176', 'A5706', 'A5177', 'A5705', 'A5179', 'A5159', 'A5163', 'A5217', 'A5216', 'A5218', 'A5221', 'A5222', 'A5229', 'A5703', 'A5230', 'A5231', 'A5232', 'A5233', 'A5234', 'A5227', 'A5214', 'A5215', 'A5218', 'A5216', 'A5220', 'A5223', 'A5222', 'A5221', 'A5218', 'A5215', 'A5214', 'A5227', 'A5703', 'A5229', 'A5222', 'A5225', 'A5226', 'A5161', 'A5702', 'A5156', 'N-0498', 'A5156', 'A5159', 'A5179', 'A5164', 'A5165', 'A5182', 'A5181', 'A5180', 'A5164', 'A5179', 'A5705', 'A5165', 'A5164', 'A5180', 'A5184', 'A5180', 'A5186', 'A5185', 'A5186', 'A5188', 'A5190', 'A5191', 'A5190', 'A5192', 'A5193', 'A5194', 'A5195', 'A5198', 'A5199', 'A5200', 'A5199', 'A5201', 'A5202', 'A5201', 'A5503', 'A5203', 'A5204', 'A5205', 'A5204', 'A5208', 'A5207', 'A5206', 'A5503', 'A5196']"
17,A5169,"['A5169', 'A5168', 'A5170', 'A5171', 'A5172', 'A5175', 'A5172', 'A5173', 'A5174', 'A5173', 'A5172', 'A5171', 'A5170', 'A5168', 'A5900', 'A5176', 'A5706', 'A5177', 'A5705', 'A5179', 'A5159', 'A5163', 'A5217', 'A5216', 'A5218', 'A5221', 'A5222', 'A5229', 'A5703', 'A5230', 'A5231', 'A5232', 'A5233', 'A5234', 'A5227', 'A5214', 'A5215', 'A5218', 'A5216', 'A5220', 'A5223', 'A5222', 'A5221', 'A5218', 'A5215', 'A5214', 'A5227', 'A5703', 'A5229', 'A5222', 'A5225', 'A5226', 'A5161', 'A5702', 'A5156', 'N-0498', 'A5156', 'A5159', 'A5179', 'A5164', 'A5165', 'A5182', 'A5181', 'A5180', 'A5164', 'A5179', 'A5705', 'A5165', 'A5164', 'A5180', 'A5184', 'A5180', 'A5186', 'A5185', 'A5186', 'A5188', 'A5190', 'A5191', 'A5190', 'A5192', 'A5193', 'A5194', 'A5195', 'A5198', 'A5199', 'A5200', 'A5199', 'A5201', 'A5202', 'A5201', 'A5503', 'A5203', 'A5204', 'A5205', 'A5204', 'A5208', 'A5207', 'A5206', 'A5503', 'A5196']"
18,A5169,"['A5169', 'A5168', 'A5170', 'A5171', 'A5172', 'A5175', 'A5172', 'A5173', 'A5174', 'A5173', 'A5172', 'A5171', 'A5170', 'A5168', 'A5900', 'A5176', 'A5706', 'A5177', 'A5705', 'A5179', 'A5159', 'A5163', 'A5217', 'A5216', 'A5218', 'A5221', 'A5222', 'A5229', 'A5703', 'A5230', 'A5231', 'A5232', 'A5233', 'A5234', 'A5227', 'A5214', 'A5215', 'A5218', 'A5216', 'A5220', 'A5223', 'A5222', 'A5221', 'A5218', 'A5215', 'A5214', 'A5227', 'A5703', 'A5229', 'A5222', 'A5225', 'A5226', 'A5161', 'A5702', 'A5156', 'N-0498', 'A5156', 'A5159', 'A5179', 'A5164', 'A5165', 'A5182', 'A5181', 'A5180', 'A5164', 'A5179', 'A5705', 'A5165', 'A5164', 'A5180', 'A5184', 'A5180', 'A5186', 'A5185', 'A5186', 'A5188', 'A5190', 'A5191', 'A5190', 'A5192', 'A5193', 'A5194', 'A5195', 'A5198', 'A5199', 'A5200', 'A5199', 'A5201', 'A5202', 'A5201', 'A5503', 'A5203', 'A5204', 'A5205', 'A5204', 'A5208', 'A5207', 'A5206', 'A5503', 'A5196']"
19,A5169,"['A5169', 'A5168', 'A5170', 'A5171', 'A5172', 'A5175', 'A5172', 'A5173', 'A5174', 'A5173', 'A5172', 'A5171', 'A5170', 'A5168', 'A5900', 'A5176', 'A5706', 'A5177', 'A5705', 'A5179', 'A5159', 'A5163', 'A5217', 'A5216', 'A5218', 'A5221', 'A5222', 'A5229', 'A5703', 'A5230', 'A5231', 'A5232', 'A5233', 'A5234', 'A5227', 'A5214', 'A5215', 'A5218', 'A5216', 'A5220', 'A5223', 'A5222', 'A5221', 'A5218', 'A5215', 'A5214', 'A5227', 'A5703', 'A5229', 'A5222', 'A5225', 'A5226', 'A5161', 'A5702', 'A5156', 'N-0498', 'A5156', 'A5159', 'A5179', 'A5164', 'A5165', 'A5182', 'A5181', 'A5180', 'A5164', 'A5179', 'A5705', 'A5165', 'A5164', 'A5180', 'A5184', 'A5180', 'A5186', 'A5185', 'A5186', 'A5188', 'A5190', 'A5191', 'A5190', 'A5192', 'A5193', 'A5194', 'A5195', 'A5198', 'A5199', 'A5200', 'A5199', 'A5201', 'A5202', 'A5201', 'A5503', 'A5203', 'A5204', 'A5205', 'A5204', 'A5208', 'A5207', 'A5206', 'A5503', 'A5196']"
20,A5169,"['A5169', 'A5168', 'A5170', 'A5171', 'A5172', 'A5175', 'A5172', 'A5173', 'A5174', 'A5173', 'A5172', 'A5171', 'A5170', 'A5168', 'A5900', 'A5176', 'A5706', 'A5177', 'A5705', 'A5179', 'A5159', 'A5163', 'A5217', 'A5216', 'A5218', 'A5221', 'A5222', 'A5229', 'A5703', 'A5230', 'A5231', 'A5232', 'A5233', 'A5234', 'A5227', 'A5214', 'A5215', 'A5218', 'A5216', 'A5220', 'A5223', 'A5222', 'A5221', 'A5218', 'A5215', 'A5214', 'A5227', 'A5703', 'A5229', 'A5222', 'A5225', 'A5226', 'A5161', 'A5702', 'A5156', 'N-0498', 'A5156', 'A5159', 'A5179', 'A5164', 'A5165', 'A5182', 'A5181', 'A5180', 'A5164', 'A5179', 'A5705', 'A5165', 'A5164', 'A5180', 'A5184', 'A5180', 'A5186', 'A5185', 'A5186', 'A5188', 'A5190', 'A5191', 'A5190', 'A5192', 'A5193', 'A5194', 'A5195', 'A5198', 'A5199', 'A5200', 'A5199', 'A5201', 'A5202', 'A5201', 'A5503', 'A5203', 'A5204', 'A5205', 'A5204', 'A5208', 'A5207', 'A5206', 'A5503', 'A5196']"
21,A5169,"['A5169', 'A5168', 'A5170', 'A5171', 'A5172', 'A5175', 'A5172', 'A5173', 'A5174', 'A5173', 'A5172', 'A5171', 'A5170', 'A5168', 'A5900', 'A5176', 'A5706', 'A5177', 'A5705', 'A5179', 'A5159', 'A5163', 'A5217', 'A5216', 'A5218', 'A5221', 'A5222', 'A5229', 'A5703', 'A5230', 'A5231', 'A5232', 'A5233', 'A5234', 'A5227', 'A5214', 'A5215', 'A5218', 'A5216', 'A5220', 'A5223', 'A5222', 'A5221', 'A5218', 'A5215', 'A5214', 'A5227', 'A5703', 'A5229', 'A5222', 'A5225', 'A5226', 'A5161', 'A5702', 'A5156', 'N-0498', 'A5156', 'A5159', 'A5179', 'A5164', 'A5165', 'A5182', 'A5181', 'A5180', 'A5164', 'A5179', 'A5705', 'A5165', 'A5164', 'A5180', 'A5184', 'A5180', 'A5186', 'A5185', 'A5186', 'A5188', 'A5190', 'A5191', 'A5190', 'A5192', 'A5193', 'A5194', 'A5195', 'A5198', 'A5199', 'A5200', 'A5199', 'A5201', 'A5202', 'A5201', 'A5503', 'A5203', 'A5204', 'A5205', 'A5204', 'A5208', 'A5207', 'A5206', 'A5503', 'A5196']"
22,A5169,"['A5169', 'A5168', 'A5170', 'A5171', 'A5172', 'A5175', 'A5172', 'A5173', 'A5174', 'A5173', 'A5172', 'A5171', 'A5170', 'A5168', 'A5900', 'A5176', 'A5706', 'A5177', 'A5705', 'A5179', 'A5159', 'A5163', 'A5217', 'A5216', 'A5218', 'A5221', 'A5222', 'A5229', 'A5703', 'A5230', 'A5231', 'A5232', 'A5233', 'A5234', 'A5227', 'A5214', 'A5215', 'A5218', 'A5216', 'A5220', 'A5223', 'A5222', 'A5221', 'A5218', 'A5215', 'A5214', 'A5227', 'A5703', 'A5229', 'A5222', 'A5225', 'A5226', 'A5161', 'A5702', 'A5156', 'N-0498', 'A5156', 'A5159', 'A5179', 'A5164', 'A5165', 'A5182', 'A5181', 'A5180', 'A5164', 'A5179', 'A5705', 'A5165', 'A5164', 'A5180', 'A5184', 'A5180', 'A5186', 'A5185', 'A5186', 'A5188', 'A5190', 'A5191', 'A5190', 'A5192', 'A5193', 'A5194', 'A5195', 'A5198', 'A5199', 'A5200', 'A5199', 'A5201', 'A5202', 'A5201', 'A5503', 'A5203', 'A5204', 'A5205', 'A5204', 'A5208', 'A5207', 'A5206', 'A5503', 'A5196']"
23,A5169,"['A5169', 'A5168', 'A5170', 'A5171', 'A5172', 'A5175', 'A5172', 'A5173', 'A5174', 'A5173', 'A5172', 'A5171', 'A5170', 'A5168', 'A5900', 'A5176', 'A5706', 'A5177', 'A5705', 'A5179', 'A5159', 'A5163', 'A5217', 'A5216', 'A5218', 'A5221', 'A5222', 'A5229', 'A5703', 'A5230', 'A5231', 'A5232', 'A5233', 'A5234', 'A5227', 'A5214', 'A5215', 'A5218', 'A5216', 'A5220', 'A5223', 'A5222', 'A5221', 'A5218', 'A5215', 'A5214', 'A5227', 'A5703', 'A5229', 'A5222', 'A5225', 'A5226', 'A5161', 'A5702', 'A5156', 'N-0498', 'A5156', 'A5159', 'A5179', 'A5164', 'A5165', 'A5182', 'A5181', 'A5180', 'A5164', 'A5179', 'A5705', 'A5165', 'A5164', 'A5180', 'A5184', 'A5180', 'A5186', 'A5185', 'A5186', 'A5188', 'A5190', 'A5191', 'A5190', 'A5192', 'A5193', 'A5194', 'A5195', 'A5198', 'A5199', 'A5200', 'A5199', 'A5201', 'A5202', 'A5201', 'A5503', 'A5203', 'A5204', 'A5205', 'A5204', 'A5208', 'A5207', 'A5206', 'A5503', 'A5196']"
24,A5169,"['A5169', 'A5168', 'A5170', 'A5171', 'A5172', 'A5175', 'A5172', 'A5173', 'A5174', 'A5173', 'A5172', 'A5171', 'A5170', 'A5168', 'A5900', 'A5176', 'A5706', 'A5177', 'A5705', 'A5179', 'A5159', 'A5163', 'A5217', 'A5216', 'A5218', 'A5221', 'A5222', 'A5229', 'A5703', 'A5230', 'A5231', 'A5232', 'A5233', 'A5234', 'A5227', 'A5214', 'A5215', 'A5218', 'A5216', 'A5220', 'A5223', 'A5222', 'A5221', 'A5218', 'A5215', 'A5214', 'A5227', 'A5703', 'A5229', 'A5222', 'A5225', 'A5226', 'A5161', 'A5702', 'A5156', 'N-0498', 'A5156', 'A5159', 'A5179', 'A5164', 'A5165', 'A5182', 'A5181', 'A5180', 'A5164', 'A5179', 'A5705', 'A5165', 'A5164', 'A5180', 'A5184', 'A5180', 'A5186', 'A5185', 'A5186', 'A5188', 'A5190', 'A5191', 'A5190', 'A5192', 'A5193', 'A5194', 'A5195', 'A5198', 'A5199', 'A5200', 'A5199', 'A5201', 'A5202', 'A5201', 'A5503', 'A5203', 'A5204', 'A5205', 'A5204', 'A5208', 'A5207', 'A5206', 'A5503', 'A5196']"
25,A5169,"['A5169', 'A5168', 'A5170', 'A5171', 'A5172', 'A5175', 'A5172', 'A5173', 'A5174', 'A5173', 'A5172', 'A5171', 'A5170', 'A5168', 'A5900', 'A5176', 'A5706', 'A5177', 'A5705', 'A5179', 'A5159', 'A5163', 'A5217', 'A5216', 'A5218', 'A5221', 'A5222', 'A5229', 'A5703', 'A5230', 'A5231', 'A5232', 'A5233', 'A5234', 'A5227', 'A5214', 'A5215', 'A5218', 'A5216', 'A5220', 'A5223', 'A5222', 'A5221', 'A5218', 'A5215', 'A5214', 'A5227', 'A5703', 'A5229', 'A5222', 'A5225', 'A5226', 'A5161', 'A5702', 'A5156', 'N-0498', 'A5156', 'A5159', 'A5179', 'A5164', 'A5165', 'A5182', 'A5181', 'A5180', 'A5164', 'A5179', 'A5705', 'A5165', 'A5164', 'A5180', 'A5184', 'A5180', 'A5186', 'A5185', 'A5186', 'A5188', 'A5190', 'A5191', 'A5190', 'A5192', 'A5193', 'A5194', 'A5195', 'A5198', 'A5199', 'A5200', 'A5199', 'A5201', 'A5202', 'A5201', 'A5503', 'A5203', 'A5204', 'A5205', 'A5204', 'A5208', 'A5207', 'A5206', 'A5503', 'A5196']"
26,A5169,"['A5169', 'A5168', 'A5170', 'A5171', 'A5172', 'A5175', 'A5172', 'A5173', 'A5174', 'A5173', 'A5172', 'A5171', 'A5170', 'A5168', 'A5900', 'A5176', 'A5706', 'A5177', 'A5705', 'A5179', 'A5159', 'A5163', 'A5217', 'A5216', 'A5218', 'A5221', 'A5222', 'A5229', 'A5703', 'A5230', 'A5231', 'A5232', 'A5233', 'A5234', 'A5227', 'A5214', 'A5215', 'A5218', 'A5216', 'A5220', 'A5223', 'A5222', 'A5221', 'A5218', 'A5215', 'A5214', 'A5227', 'A5703', 'A5229', 'A5222', 'A5225', 'A5226', 'A5161', 'A5702', 'A5156', 'N-0498', 'A5156', 'A5159', 'A5179', 'A5164', 'A5165', 'A5182', 'A5181', 'A5180', 'A5164', 'A5179', 'A5705', 'A5165', 'A5164', 'A5180', 'A5184', 'A5180', 'A5186', 'A5185', 'A5186', 'A5188', 'A5190', 'A5191', 'A5190', 'A5192', 'A5193', 'A5194', 'A5195', 'A5198', 'A5199', 'A5200', 'A5199', 'A5201', 'A5202', 'A5201', 'A5503', 'A5203', 'A5204', 'A5205', 'A5204', 'A5208', 'A5207', 'A5206', 'A5503', 'A5196']"
27,A5169,"['A5169', 'A5168', 'A5170', 'A5171', 'A5172', 'A5175', 'A5172', 'A5173', 'A5174', 'A5173', 'A5172', 'A5171', 'A5170', 'A5168', 'A5900', 'A5176', 'A5706', 'A5177', 'A5705', 'A5179', 'A5159', 'A5163', 'A5217', 'A5216', 'A5218', 'A5221', 'A5222', 'A5229', 'A5703', 'A5230', 'A5231', 'A5232', 'A5233', 'A5234', 'A5227', 'A5214', 'A5215', 'A5218', 'A5216', 'A5220', 'A5223', 'A5222', 'A5221', 'A5218', 'A5215', 'A5214', 'A5227', 'A5703', 'A5229', 'A5222', 'A5225', 'A5226', 'A5161', 'A5702', 'A5156', 'N-0498', 'A5156', 'A5159', 'A5179', 'A5164', 'A5165', 'A5182', 'A5181', 'A5180', 'A5164', 'A5179', 'A5705', 'A5165', 'A5164', 'A5180', 'A5184', 'A5180', 'A5186', 'A5185', 'A5186', 'A5188', 'A5190', 'A5191', 'A5190', 'A5192', 'A5193', 'A5194', 'A5195', 'A5198', 'A5199', 'A5200', 'A5199', 'A5201', 'A5202', 'A5201', 'A5503', 'A5203', 'A5204', 'A5205', 'A5204', 'A5208', 'A5207', 'A5206', 'A5503', 'A5196']"
28,A5169,"['A5169', 'A5168', 'A5170', 'A5171', 'A5172', 'A5175', 'A5172', 'A5173', 'A5174', 'A5173', 'A5172', 'A5171', 'A5170', 'A5168', 'A5900', 'A5176', 'A5706', 'A5177', 'A5705', 'A5179', 'A5159', 'A5163', 'A5217', 'A5216', 'A5218', 'A5221', 'A5222', 'A5229', 'A5703', 'A5230', 'A5231', 'A5232', 'A5233', 'A5234', 'A5227', 'A5214', 'A5215', 'A5218', 'A5216', 'A5220', 'A5223', 'A5222', 'A5221', 'A5218', 'A5215', 'A5214', 'A5227', 'A5703', 'A5229', 'A5222', 'A5225', 'A5226', 'A5161', 'A5702', 'A5156', 'N-0498', 'A5156', 'A5159', 'A5179', 'A5164', 'A5165', 'A5182', 'A5181', 'A5180', 'A5164', 'A5179', 'A5705', 'A5165', 'A5164', 'A5180', 'A5184', 'A5180', 'A5186', 'A5185', 'A5186', 'A5188', 'A5190', 'A5191', 'A5190', 'A5192', 'A5193', 'A5194', 'A5195', 'A5198', 'A5199', 'A5200', 'A5199', 'A5201', 'A5202', 'A5201', 'A5503', 'A5203', 'A5204', 'A5205', 'A5204', 'A5208', 'A5207', 'A5206', 'A5503', 'A5196']"
29,A5169,"['A5169', 'A5168', 'A5170', 'A5171', 'A5172', 'A5175', 'A5172', 'A5173', 'A5174', 'A5173', 'A5172', 'A5171', 'A5170', 'A5168', 'A5900', 'A5176', 'A5706', 'A5177', 'A5705', 'A5179', 'A5159', 'A5163', 'A5217', 'A5216', 'A5218', 'A5221', 'A5222', 'A5229', 'A5703', 'A5230', 'A5231', 'A5232', 'A5233', 'A5234', 'A5227', 'A5214', 'A5215', 'A5218', 'A5216', 'A5220', 'A5223', 'A5222', 'A5221', 'A5218', 'A5215', 'A5214', 'A5227', 'A5703', 'A5229', 'A5222', 'A5225', 'A5226', 'A5161', 'A5702', 'A5156', 'N-0498', 'A5156', 'A5159', 'A5179', 'A5164', 'A5165', 'A5182', 'A5181', 'A5180', 'A5164', 'A5179', 'A5705', 'A5165', 'A5164', 'A5180', 'A5184', 'A5180', 'A5186', 'A5185', 'A5186', 'A5188', 'A5190', 'A5191', 'A5190', 'A5192', 'A5193', 'A5194', 'A5195', 'A5198', 'A5199', 'A5200', 'A5199', 'A5201', 'A5202', 'A5201', 'A5503', 'A5203', 'A5204', 'A5205', 'A5204', 'A5208', 'A5207', 'A5206', 'A5503', 'A5196']"
30,A5169,"['A5169', 'A5168', 'A5170', 'A5171', 'A5172', 'A5175', 'A5172', 'A5173', 'A5174', 'A5173', 'A5172', 'A5171', 'A5170', 'A5168', 'A5900', 'A5176', 'A5706', 'A5177', 'A5705', 'A5179', 'A5159', 'A5163', 'A5217', 'A5216', 'A5218', 'A5221', 'A5222', 'A5229', 'A5703', 'A5230', 'A5231', 'A5232', 'A5233', 'A5234', 'A5227', 'A5214', 'A5215', 'A5218', 'A5216', 'A5220', 'A5223', 'A5222', 'A5221', 'A5218', 'A5215', 'A5214', 'A5227', 'A5703', 'A5229', 'A5222', 'A5225', 'A5226', 'A5161', 'A5702', 'A5156', 'N-0498', 'A5156', 'A5159', 'A5179', 'A5164', 'A5165', 'A5182', 'A5181', 'A5180', 'A5164', 'A5179', 'A5705', 'A5165', 'A5164', 'A5180', 'A5184', 'A5180', 'A5186', 'A5185', 'A5186', 'A5188', 'A5190', 'A5191', 'A5190', 'A5192', 'A5193', 'A5194', 'A5195', 'A5198', 'A5199', 'A5200', 'A5199', 'A5201', 'A5202', 'A5201', 'A5503', 'A5203', 'A5204', 'A5205', 'A5204', 'A5208', 'A5207', 'A5206', 'A5503', 'A5196']"
31,A5169,"['A5169', 'A5168', 'A5170', 'A5171', 'A5172', 'A5175', 'A5172', 'A5173', 'A5174', 'A5173', 'A5172', 'A5171', 'A5170', 'A5168', 'A5900', 'A5176', 'A5706', 'A5177', 'A5705', 'A5179', 'A5159', 'A5163', 'A5217', 'A5216', 'A5218', 'A5221', 'A5222', 'A5229', 'A5703', 'A5230', 'A5231', 'A5232', 'A5233', 'A5234', 'A5227', 'A5214', 'A5215', 'A5218', 'A5216', 'A5220', 'A5223', 'A5222', 'A5221', 'A5218', 'A5215', 'A5214', 'A5227', 'A5703', 'A5229', 'A5222', 'A5225', 'A5226', 'A5161', 'A5702', 'A5156', 'N-0498', 'A5156', 'A5159', 'A5179', 'A5164', 'A5165', 'A5182', 'A5181', 'A5180', 'A5164', 'A5179', 'A5705', 'A5165', 'A5164', 'A5180', 'A5184', 'A5180', 'A5186', 'A5185', 'A5186', 'A5188', 'A5190', 'A5191', 'A5190', 'A5192', 'A5193', 'A5194', 'A5195', 'A5198', 'A5199', 'A5200', 'A5199', 'A5201', 'A5202', 'A5201', 'A5503', 'A5203', 'A5204', 'A5205', 'A5204', 'A5208', 'A5207', 'A5206', 'A5503', 'A5196']"
32,A5169,"['A5169', 'A5168', 'A5170', 'A5171', 'A5172', 'A5175', 'A5172', 'A5173', 'A5174', 'A5173', 'A5172', 'A5171', 'A5170', 'A5168', 'A5900', 'A5176', 'A5706', 'A5177', 'A5705', 'A5179', 'A5159', 'A5163', 'A5217', 'A5216', 'A5218', 'A5221', 'A5222', 'A5229', 'A5703', 'A5230', 'A5231', 'A5232', 'A5233', 'A5234', 'A5227', 'A5214', 'A5215', 'A5218', 'A5216', 'A5220', 'A5223', 'A5222', 'A5221', 'A5218', 'A5215', 'A5214', 'A5227', 'A5703', 'A5229', 'A5222', 'A5225', 'A5226', 'A5161', 'A5702', 'A5156', 'N-0498', 'A5156', 'A5159', 'A5179', 'A5164', 'A5165', 'A5182', 'A5181', 'A5180', 'A5164', 'A5179', 'A5705', 'A5165', 'A5164', 'A5180', 'A5184', 'A5180', 'A5186', 'A5185', 'A5186', 'A5188', 'A5190', 'A5191', 'A5190', 'A5192', 'A5193', 'A5194', 'A5195', 'A5198', 'A5199', 'A5200', 'A5199', 'A5201', 'A5202', 'A5201', 'A5503', 'A5203', 'A5204', 'A5205', 'A5204', 'A5208', 'A5207', 'A5206', 'A5503', 'A5196']"
33,A5169,"['A5169', 'A5168', 'A5170', 'A5171', 'A5172', 'A5175', 'A5172', 'A5173', 'A5174', 'A5173', 'A5172', 'A5171', 'A5170', 'A5168', 'A5900', 'A5176', 'A5706', 'A5177', 'A5705', 'A5179', 'A5159', 'A5163', 'A5217', 'A5216', 'A5218', 'A5221', 'A5222', 'A5229', 'A5703', 'A5230', 'A5231', 'A5232', 'A5233', 'A5234', 'A5227', 'A5214', 'A5215', 'A5218', 'A5216', 'A5220', 'A5223', 'A5222', 'A5221', 'A5218', 'A5215', 'A5214', 'A5227', 'A5703', 'A5229', 'A5222', 'A5225', 'A5226', 'A5161', 'A5702', 'A5156', 'N-0498', 'A5156', 'A5159', 'A5179', 'A5164', 'A5165', 'A5182', 'A5181', 'A5180', 'A5164', 'A5179', 'A5705', 'A5165', 'A5164', 'A5180', 'A5184', 'A5180', 'A5186', 'A5185', 'A5186', 'A5188', 'A5190', 'A5191', 'A5190', 'A5192', 'A5193', 'A5194', 'A5195', 'A5198', 'A5199', 'A5200', 'A5199', 'A5201', 'A5202', 'A5201', 'A5503', 'A5203', 'A5204', 'A5205', 'A5204', 'A5208', 'A5207', 'A5206', 'A5503', 'A5196']"
34,A5169,"['A5169', 'A5168', 'A5170', 'A5171', 'A5172', 'A5175', 'A5172', 'A5173', 'A5174', 'A5173', 'A5172', 'A5171', 'A5170', 'A5168', 'A5900', 'A5176', 'A5706', 'A5177', 'A5705', 'A5179', 'A5159', 'A5163', 'A5217', 'A5216', 'A5218', 'A5221', 'A5222', 'A5229', 'A5703', 'A5230', 'A5231', 'A5232', 'A5233', 'A5234', 'A5227', 'A5214', 'A5215', 'A5218', 'A5216', 'A5220', 'A5223', 'A5222', 'A5221', 'A5218', 'A5215', 'A5214', 'A5227', 'A5703', 'A5229', 'A5222', 'A5225', 'A5226', 'A5161', 'A5702', 'A5156', 'N-0498', 'A5156', 'A5159', 'A5179', 'A5164', 'A5165', 'A5182', 'A5181', 'A5180', 'A5164', 'A5179', 'A5705', 'A5165', 'A5164', 'A5180', 'A5184', 'A5180', 'A5186', 'A5185', 'A5186', 'A5188', 'A5190', 'A5191', 'A5190', 'A5192', 'A5193', 'A5194', 'A5195', 'A5198', 'A5199', 'A5200', 'A5199', 'A5201', 'A5202', 'A5201', 'A5503', 'A5203', 'A5204', 'A5205', 'A5204', 'A5208', 'A5207', 'A5206', 'A5503', 'A5196']"
35,A5169,"['A5169', 'A5168', 'A5170', 'A5171', 'A5172', 'A5175', 'A5172', 'A5173', 'A5174', 'A5173', 'A5172', 'A5171', 'A5170', 'A5168', 'A5900', 'A5176', 'A5706', 'A5177', 'A5705', 'A5179', 'A5159', 'A5163', 'A5217', 'A5216', 'A5218', 'A5221', 'A5222', 'A5229', 'A5703', 'A5230', 'A5231', 'A5232', 'A5233', 'A5234', 'A5227', 'A5214', 'A5215', 'A5218', 'A5216', 'A5220', 'A5223', 'A5222', 'A5221', 'A5218', 'A5215', 'A5214', 'A5227', 'A5703', 'A5229', 'A5222', 'A5225', 'A5226', 'A5161', 'A5702', 'A5156', 'N-0498', 'A5156', 'A5159', 'A5179', 'A5164', 'A5165', 'A5182', 'A5181', 'A5180', 'A5164', 'A5179', 'A5705', 'A5165', 'A5164', 'A5180', 'A5184', 'A5180', 'A5186', 'A5185', 'A5186', 'A5188', 'A5190', 'A5191', 'A5190', 'A5192', 'A5193', 'A5194', 'A5195', 'A5198', 'A5199', 'A5200', 'A5199', 'A5201', 'A5202', 'A5201', 'A5503', 'A5203', 'A5204', 'A5205', 'A5204', 'A5208', 'A5207', 'A5206', 'A5503', 'A5196']"
36,A5169,"['A5169', 'A5168', 'A5170', 'A5171', 'A5172', 'A5175', 'A5172', 'A5173', 'A5174', 'A5173', 'A5172', 'A5171', 'A5170', 'A5168', 'A5900', 'A5176', 'A5706', 'A5177', 'A5705', 'A5179', 'A5159', 'A5163', 'A5217', 'A5216', 'A5218', 'A5221', 'A5222', 'A5229', 'A5703', 'A5230', 'A5231', 'A5232', 'A5233', 'A5234', 'A5227', 'A5214', 'A5215', 'A5218', 'A5216', 'A5220', 'A5223', 'A5222', 'A5221', 'A5218', 'A5215', 'A5214', 'A5227', 'A5703', 'A5229', 'A5222', 'A5225', 'A5226', 'A5161', 'A5702', 'A5156', 'N-0498', 'A5156', 'A5159', 'A5179', 'A5164', 'A5165', 'A5182', 'A5181', 'A5180', 'A5164', 'A5179', 'A5705', 'A5165', 'A5164', 'A5180', 'A5184', 'A5180', 'A5186', 'A5185', 'A5186', 'A5188', 'A5190', 'A5191', 'A5190', 'A5192', 'A5193', 'A5194', 'A5195', 'A5198', 'A5199', 'A5200', 'A5199', 'A5201', 'A5202', 'A5201', 'A5503', 'A5203', 'A5204', 'A5205', 'A5204', 'A5208', 'A5207', 'A5206', 'A5503', 'A5196']"
37,A5169,"['A5169', 'A5168', 'A5170', 'A5171', 'A5172', 'A5175', 'A5172', 'A5173', 'A5174', 'A5173', 'A5172', 'A5171', 'A5170', 'A5168', 'A5900', 'A5176', 'A5706', 'A5177', 'A5705', 'A5179', 'A5159', 'A5163', 'A5217', 'A5216', 'A5218', 'A5221', 'A5222', 'A5229', 'A5703', 'A5230', 'A5231', 'A5232', 'A5233', 'A5234', 'A5227', 'A5214', 'A5215', 'A5218', 'A5216', 'A5220', 'A5223', 'A5222', 'A5221', 'A5218', 'A5215', 'A5214', 'A5227', 'A5703', 'A5229', 'A5222', 'A5225', 'A5226', 'A5161', 'A5702', 'A5156', 'N-0498', 'A5156', 'A5159', 'A5179', 'A5164', 'A5165', 'A5182', 'A5181', 'A5180', 'A5164', 'A5179', 'A5705', 'A5165', 'A5164', 'A5180', 'A5184', 'A5180', 'A5186', 'A5185', 'A5186', 'A5188', 'A5190', 'A5191', 'A5190', 'A5192', 'A5193', 'A5194', 'A5195', 'A5198', 'A5199', 'A5200', 'A5199', 'A5201', 'A5202', 'A5201', 'A5503', 'A5203', 'A5204', 'A5205', 'A5204', 'A5208', 'A5207', 'A5206', 'A5503', 'A5196']"
38,A5169,"['A5169', 'A5168', 'A5170', 'A5171', 'A5172', 'A5175', 'A5172', 'A5173', 'A5174', 'A5173', 'A5172', 'A5171', 'A5170', 'A5168', 'A5900', 'A5176', 'A5706', 'A5177', 'A5705', 'A5179', 'A5159', 'A5163', 'A5217', 'A5216', 'A5218', 'A5221', 'A5222', 'A5229', 'A5703', 'A5230', 'A5231', 'A5232', 'A5233', 'A5234', 'A5227', 'A5214', 'A5215', 'A5218', 'A5216', 'A5220', 'A5223', 'A5222', 'A5221', 'A5218', 'A5215', 'A5214', 'A5227', 'A5703', 'A5229', 'A5222', 'A5225', 'A5226', 'A5161', 'A5702', 'A5156', 'N-0498', 'A5156', 'A5159', 'A5179', 'A5164', 'A5165', 'A5182', 'A5181', 'A5180', 'A5164', 'A5179', 'A5705', 'A5165', 'A5164', 'A5180', 'A5184', 'A5180', 'A5186', 'A5185', 'A5186', 'A5188', 'A5190', 'A5191', 'A5190', 'A5192', 'A5193', 'A5194', 'A5195', 'A5198', 'A5199', 'A5200', 'A5199', 'A5201', 'A5202', 'A5201', 'A5503', 'A5203', 'A5204', 'A5205', 'A5204', 'A5208', 'A5207', 'A5206', 'A5503', 'A5196']"
39,A5169,"['A5169', 'A5168', 'A5170', 'A5171', 'A5172', 'A5175', 'A5172', 'A5173', 'A5174', 'A5173', 'A5172', 'A5171', 'A5170', 'A5168', 'A5900', 'A5176', 'A5706', 'A5177', 'A5705', 'A5179', 'A5159', 'A5163', 'A5217', 'A5216', 'A5218', 'A5221', 'A5222', 'A5229', 'A5703', 'A5230', 'A5231', 'A5232', 'A5233', 'A5234', 'A5227', 'A5214', 'A5215', 'A5218', 'A5216', 'A5220', 'A5223', 'A5222', 'A5221', 'A5218', 'A5215', 'A5214', 'A5227', 'A5703', 'A5229', 'A5222', 'A5225', 'A5226', 'A5161', 'A5702', 'A5156', 'N-0498', 'A5156', 'A5159', 'A5179', 'A5164', 'A5165', 'A5182', 'A5181', 'A5180', 'A5164', 'A5179', 'A5705', 'A5165', 'A5164', 'A5180', 'A5184', 'A5180', 'A5186', 'A5185', 'A5186', 'A5188', 'A5190', 'A5191', 'A5190', 'A5192', 'A5193', 'A5194', 'A5195', 'A5198', 'A5199', 'A5200', 'A5199', 'A5201', 'A5202', 'A5201', 'A5503', 'A5203', 'A5204', 'A5205', 'A5204', 'A5208', 'A5207', 'A5206', 'A5503', 'A5196']"
40,A5169,"['A5169', 'A5168', 'A5170', 'A5171', 'A5172', 'A5175', 'A5172', 'A5173', 'A5174', 'A5173', 'A5172', 'A5171', 'A5170', 'A5168', 'A5900', 'A5176', 'A5706', 'A5177', 'A5705', 'A5179', 'A5159', 'A5163', 'A5217', 'A5216', 'A5218', 'A5221', 'A5222', 'A5229', 'A5703', 'A5230', 'A5231', 'A5232', 'A5233', 'A5234', 'A5227', 'A5214', 'A5215', 'A5218', 'A5216', 'A5220', 'A5223', 'A5222', 'A5221', 'A5218', 'A5215', 'A5214', 'A5227', 'A5703', 'A5229', 'A5222', 'A5225', 'A5226', 'A5161', 'A5702', 'A5156', 'N-0498', 'A5156', 'A5159', 'A5179', 'A5164', 'A5165', 'A5182', 'A5181', 'A5180', 'A5164', 'A5179', 'A5705', 'A5165', 'A5164', 'A5180', 'A5184', 'A5180', 'A5186', 'A5185', 'A5186', 'A5188', 'A5190', 'A5191', 'A5190', 'A5192', 'A5193', 'A5194', 'A5195', 'A5198', 'A5199', 'A5200', 'A5199', 'A5201', 'A5202', 'A5201', 'A5503', 'A5203', 'A5204', 'A5205', 'A5204', 'A5208', 'A5207', 'A5206', 'A5503', 'A5196']"
41,A5169,"['A5169', 'A5168', 'A5170', 'A5171', 'A5172', 'A5175', 'A5172', 'A5173', 'A5174', 'A5173', 'A5172', 'A5171', 'A5170', 'A5168', 'A5900', 'A5176', 'A5706', 'A5177', 'A5705', 'A5179', 'A5159', 'A5163', 'A5217', 'A5216', 'A5218', 'A5221', 'A5222', 'A5229', 'A5703', 'A5230', 'A5231', 'A5232', 'A5233', 'A5234', 'A5227', 'A5214', 'A5215', 'A5218', 'A5216', 'A5220', 'A5223', 'A5222', 'A5221', 'A5218', 'A5215', 'A5214', 'A5227', 'A5703', 'A5229', 'A5222', 'A5225', 'A5226', 'A5161', 'A5702', 'A5156', 'N-0498', 'A5156', 'A5159', 'A5179', 'A5164', 'A5165', 'A5182', 'A5181', 'A5180', 'A5164', 'A5179', 'A5705', 'A5165', 'A5164', 'A5180', 'A5184', 'A5180', 'A5186', 'A5185', 'A5186', 'A5188', 'A5190', 'A5191', 'A5190', 'A5192', 'A5193', 'A5194', 'A5195', 'A5198', 'A5199', 'A5200', 'A5199', 'A5201', 'A5202', 'A5201', 'A5503', 'A5203', 'A5204', 'A5205', 'A5204', 'A5208', 'A5207', 'A5206', 'A5503', 'A5196']"
42,A5169,"['A5169', 'A5168', 'A5170', 'A5171', 'A5172', 'A5175', 'A5172', 'A5173', 'A5174', 'A5173', 'A5172', 'A5171', 'A5170', 'A5168', 'A5900', 'A5176', 'A5706', 'A5177', 'A5705', 'A5179', 'A5159', 'A5163', 'A5217', 'A5216', 'A5218', 'A5221', 'A5222', 'A5229', 'A5703', 'A5230', 'A5231', 'A5232', 'A5233', 'A5234', 'A5227', 'A5214', 'A5215', 'A5218', 'A5216', 'A5220', 'A5223', 'A5222', 'A5221', 'A5218', 'A5215', 'A5214', 'A5227', 'A5703', 'A5229', 'A5222', 'A5225', 'A5226', 'A5161', 'A5702', 'A5156', 'N-0498', 'A5156', 'A5159', 'A5179', 'A5164', 'A5165', 'A5182', 'A5181', 'A5180', 'A5164', 'A5179', 'A5705', 'A5165', 'A5164', 'A5180', 'A5184', 'A5180', 'A5186', 'A5185', 'A5186', 'A5188', 'A5190', 'A5191', 'A5190', 'A5192', 'A5193', 'A5194', 'A5195', 'A5198', 'A5199', 'A5200', 'A5199', 'A5201', 'A5202', 'A5201', 'A5503', 'A5203', 'A5204', 'A5205', 'A5204', 'A5208', 'A5207', 'A5206', 'A5503', 'A5196']"
43,A5169,"['A5169', 'A5168', 'A5170', 'A5171', 'A5172', 'A5175', 'A5172', 'A5173', 'A5174', 'A5173', 'A5172', 'A5171', 'A5170', 'A5168', 'A5900', 'A5176', 'A5706', 'A5177', 'A5705', 'A5179', 'A5159', 'A5163', 'A5217', 'A5216', 'A5218', 'A5221', 'A5222', 'A5229', 'A5703', 'A5230', 'A5231', 'A5232', 'A5233', 'A5234', 'A5227', 'A5214', 'A5215', 'A5218', 'A5216', 'A5220', 'A5223', 'A5222', 'A5221', 'A5218', 'A5215', 'A5214', 'A5227', 'A5703', 'A5229', 'A5222', 'A5225', 'A5226', 'A5161', 'A5702', 'A5156', 'N-0498', 'A5156', 'A5159', 'A5179', 'A5164', 'A5165', 'A5182', 'A5181', 'A5180', 'A5164', 'A5179', 'A5705', 'A5165', 'A5164', 'A5180', 'A5184', 'A5180', 'A5186', 'A5185', 'A5186', 'A5188', 'A5190', 'A5191', 'A5190', 'A5192', 'A5193', 'A5194', 'A5195', 'A5198', 'A5199', 'A5200', 'A5199', 'A5201', 'A5202', 'A5201', 'A5503', 'A5203', 'A5204', 'A5205', 'A5204', 'A5208', 'A5207', 'A5206', 'A5503', 'A5196']"
44,A5169,"['A5169', 'A5168', 'A5170', 'A5171', 'A5172', 'A5175', 'A5172', 'A5173', 'A5174', 'A5173', 'A5172', 'A5171', 'A5170', 'A5168', 'A5900', 'A5176', 'A5706', 'A5177', 'A5705', 'A5179', 'A5159', 'A5163', 'A5217', 'A5216', 'A5218', 'A5221', 'A5222', 'A5229', 'A5703', 'A5230', 'A5231', 'A5232', 'A5233', 'A5234', 'A5227', 'A5214', 'A5215', 'A5218', 'A5216', 'A5220', 'A5223', 'A5222', 'A5221', 'A5218', 'A5215', 'A5214', 'A5227', 'A5703', 'A5229', 'A5222', 'A5225', 'A5226', 'A5161', 'A5702', 'A5156', 'N-0498', 'A5156', 'A5159', 'A5179', 'A5164', 'A5165', 'A5182', 'A5181', 'A5180', 'A5164', 'A5179', 'A5705', 'A5165', 'A5164', 'A5180', 'A5184', 'A5180', 'A5186', 'A5185', 'A5186', 'A5188', 'A5190', 'A5191', 'A5190', 'A5192', 'A5193', 'A5194', 'A5195', 'A5198', 'A5199', 'A5200', 'A5199', 'A5201', 'A5202', 'A5201', 'A5503', 'A5203', 'A5204', 'A5205', 'A5204', 'A5208', 'A5207', 'A5206', 'A5503', 'A5196']"
45,A5169,"['A5169', 'A5168', 'A5170', 'A5171', 'A5172', 'A5175', 'A5172', 'A5173', 'A5174', 'A5173', 'A5172', 'A5171', 'A5170', 'A5168', 'A5900', 'A5176', 'A5706', 'A5177', 'A5705', 'A5179', 'A5159', 'A5163', 'A5217', 'A5216', 'A5218', 'A5221', 'A5222', 'A5229', 'A5703', 'A5230', 'A5231', 'A5232', 'A5233', 'A5234', 'A5227', 'A5214', 'A5215', 'A5218', 'A5216', 'A5220', 'A5223', 'A5222', 'A5221', 'A5218', 'A5215', 'A5214', 'A5227', 'A5703', 'A5229', 'A5222', 'A5225', 'A5226', 'A5161', 'A5702', 'A5156', 'N-0498', 'A5156', 'A5159', 'A5179', 'A5164', 'A5165', 'A5182', 'A5181', 'A5180', 'A5164', 'A5179', 'A5705', 'A5165', 'A5164', 'A5180', 'A5184', 'A5180', 'A5186', 'A5185', 'A5186', 'A5188', 'A5190', 'A5191', 'A5190', 'A5192', 'A5193', 'A5194', 'A5195', 'A5198', 'A5199', 'A5200', 'A5199', 'A5201', 'A5202', 'A5201', 'A5503', 'A5203', 'A5204', 'A5205', 'A5204', 'A5208', 'A5207', 'A5206', 'A5503', 'A5196']"
46,A5169,"['A5169', 'A5168', 'A5170', 'A5171', 'A5172', 'A5175', 'A5172', 'A5173', 'A5174', 'A5173', 'A5172', 'A5171', 'A5170', 'A5168', 'A5900', 'A5176', 'A5706', 'A5177', 'A5705', 'A5179', 'A5159', 'A5163', 'A5217', 'A5216', 'A5218', 'A5221', 'A5222', 'A5229', 'A5703', 'A5230', 'A5231', 'A5232', 'A5233', 'A5234', 'A5227', 'A5214', 'A5215', 'A5218', 'A5216', 'A5220', 'A5223', 'A5222', 'A5221', 'A5218', 'A5215', 'A5214', 'A5227', 'A5703', 'A5229', 'A5222', 'A5225', 'A5226', 'A5161', 'A5702', 'A5156', 'N-0498', 'A5156', 'A5159', 'A5179', 'A5164', 'A5165', 'A5182', 'A5181', 'A5180', 'A5164', 'A5179', 'A5705', 'A5165', 'A5164', 'A5180', 'A5184', 'A5180', 'A5186', 'A5185', 'A5186', 'A5188', 'A5190', 'A5191', 'A5190', 'A5192', 'A5193', 'A5194', 'A5195', 'A5198', 'A5199', 'A5200', 'A5199', 'A5201', 'A5202', 'A5201', 'A5503', 'A5203', 'A5204', 'A5205', 'A5204', 'A5208', 'A5207', 'A5206', 'A5503', 'A5196']"
47,A5169,"['A5169', 'A5168', 'A5170', 'A5171', 'A5172', 'A5175', 'A5172', 'A5173', 'A5174', 'A5173', 'A5172', 'A5171', 'A5170', 'A5168', 'A5900', 'A5176', 'A5706', 'A5177', 'A5705', 'A5179', 'A5159', 'A5163', 'A5217', 'A5216', 'A5218', 'A5221', 'A5222', 'A5229', 'A5703', 'A5230', 'A5231', 'A5232', 'A5233', 'A5234', 'A5227', 'A5214', 'A5215', 'A5218', 'A5216', 'A5220', 'A5223', 'A5222', 'A5221', 'A5218', 'A5215', 'A5214', 'A5227', 'A5703', 'A5229', 'A5222', 'A5225', 'A5226', 'A5161', 'A5702', 'A5156', 'N-0498', 'A5156', 'A5159', 'A5179', 'A5164', 'A5165', 'A5182', 'A5181', 'A5180', 'A5164', 'A5179', 'A5705', 'A5165', 'A5164', 'A5180', 'A5184', 'A5180', 'A5186', 'A5185', 'A5186', 'A5188', 'A5190', 'A5191', 'A5190', 'A5192', 'A5193', 'A5194', 'A5195', 'A5198', 'A5199', 'A5200', 'A5199', 'A5201', 'A5202', 'A5201', 'A5503', 'A5203', 'A5204', 'A5205', 'A5204', 'A5208', 'A5207', 'A5206', 'A5503', 'A5196']"
48,A5169,"['A5169', 'A5168', 'A5170', 'A5171', 'A5172', 'A5175', 'A5172', 'A5173', 'A5174', 'A5173', 'A5172', 'A5171', 'A5170', 'A5168', 'A5900', 'A5176', 'A5706', 'A5177', 'A5705', 'A5179', 'A5159', 'A5163', 'A5217', 'A5216', 'A5218', 'A5221', 'A5222', 'A5229', 'A5703', 'A5230', 'A5231', 'A5232', 'A5233', 'A5234', 'A5227', 'A5214', 'A5215', 'A5218', 'A5216', 'A5220', 'A5223', 'A5222', 'A5221', 'A5218', 'A5215', 'A5214', 'A5227', 'A5703', 'A5229', 'A5222', 'A5225', 'A5226', 'A5161', 'A5702', 'A5156', 'N-0498', 'A5156', 'A5159', 'A5179', 'A5164', 'A5165', 'A5182', 'A5181', 'A5180', 'A5164', 'A5179', 'A5705', 'A5165', 'A5164', 'A5180', 'A5184', 'A5180', 'A5186', 'A5185', 'A5186', 'A5188', 'A5190', 'A5191', 'A5190', 'A5192', 'A5193', 'A5194', 'A5195', 'A5198', 'A5199', 'A5200', 'A5199', 'A5201', 'A5202', 'A5201', 'A5503', 'A5203', 'A5204', 'A5205', 'A5204', 'A5208', 'A5207', 'A5206', 'A5503', 'A5196']"
49,A5169,"['A5169', 'A5168', 'A5170', 'A5171', 'A5172', 'A5175', 'A5172', 'A5173', 'A5174', 'A5173', 'A5172', 'A5171', 'A5170', 'A5168', 'A5900', 'A5176', 'A5706', 'A5177', 'A5705', 'A5179', 'A5159', 'A5163', 'A5217', 'A5216', 'A5218', 'A5221', 'A5222', 'A5229', 'A5703', 'A5230', 'A5231', 'A5232', 'A5233', 'A5234', 'A5227', 'A5214', 'A5215', 'A5218', 'A5216', 'A5220', 'A5223', 'A5222', 'A5221', 'A5218', 'A5215', 'A5214', 'A5227', 'A5703', 'A5229', 'A5222', 'A5225', 'A5226', 'A5161', 'A5702', 'A5156', 'N-0498', 'A5156', 'A5159', 'A5179', 'A5164', 'A5165', 'A5182', 'A5181', 'A5180', 'A5164', 'A5179', 'A5705', 'A5165', 'A5164', 'A5180', 'A5184', 'A5180', 'A5186', 'A5185', 'A5186', 'A5188', 'A5190', 'A5191', 'A5190', 'A5192', 'A5193', 'A5194', 'A5195', 'A5198', 'A5199', 'A5200', 'A5199', 'A5201', 'A5202', 'A5201', 'A5503', 'A5203', 'A5204', 'A5205', 'A5204', 'A5208', 'A5207', 'A5206', 'A5503', 'A5196']"
50,A5169,"['A5169', 'A5168', 'A5170', 'A5171', 'A5172', 'A5175', 'A5172', 'A5173', 'A5174', 'A5173', 'A5172', 'A5171', 'A5170', 'A5168', 'A5900', 'A5176', 'A5706', 'A5177', 'A5705', 'A5179', 'A5159', 'A5163', 'A5217', 'A5216', 'A5218', 'A5221', 'A5222', 'A5229', 'A5703', 'A5230', 'A5231', 'A5232', 'A5233', 'A5234', 'A5227', 'A5214', 'A5215', 'A5218', 'A5216', 'A5220', 'A5223', 'A5222', 'A5221', 'A5218', 'A5215', 'A5214', 'A5227', 'A5703', 'A5229', 'A5222', 'A5225', 'A5226', 'A5161', 'A5702', 'A5156', 'N-0498', 'A5156', 'A5159', 'A5179', 'A5164', 'A5165', 'A5182', 'A5181', 'A5180', 'A5164', 'A5179', 'A5705', 'A5165', 'A5164', 'A5180', 'A5184', 'A5180', 'A5186', 'A5185', 'A5186', 'A5188', 'A5190', 'A5191', 'A5190', 'A5192', 'A5193', 'A5194', 'A5195', 'A5198', 'A5199', 'A5200', 'A5199', 'A5201', 'A5202', 'A5201', 'A5503', 'A5203', 'A5204', 'A5205', 'A5204', 'A5208', 'A5207', 'A5206', 'A5503', 'A5196']"
51,A5169,"['A5169', 'A5168', 'A5170', 'A5171', 'A5172', 'A5175', 'A5172', 'A5173', 'A5174', 'A5173', 'A5172', 'A5171', 'A5170', 'A5168', 'A5900', 'A5176', 'A5706', 'A5177', 'A5705', 'A5179', 'A5159', 'A5163', 'A5217', 'A5216', 'A5218', 'A5221', 'A5222', 'A5229', 'A5703', 'A5230', 'A5231', 'A5232', 'A5233', 'A5234', 'A5227', 'A5214', 'A5215', 'A5218', 'A5216', 'A5220', 'A5223', 'A5222', 'A5221', 'A5218', 'A5215', 'A5214', 'A5227', 'A5703', 'A5229', 'A5222', 'A5225', 'A5226', 'A5161', 'A5702', 'A5156', 'N-0498', 'A5156', 'A5159', 'A5179', 'A5164', 'A5165', 'A5182', 'A5181', 'A5180', 'A5164', 'A5179', 'A5705', 'A5165', 'A5164', 'A5180', 'A5184', 'A5180', 'A5186', 'A5185', 'A5186', 'A5188', 'A5190', 'A5191', 'A5190', 'A5192', 'A5193', 'A5194', 'A5195', 'A5198', 'A5199', 'A5200', 'A5199', 'A5201', 'A5202', 'A5201', 'A5503', 'A5203', 'A5204', 'A5205', 'A5204', 'A5208', 'A5207', 'A5206', 'A5503', 'A5196']"
52,A5169,"['A5169', 'A5168', 'A5170', 'A5171', 'A5172', 'A5175', 'A5172', 'A5173', 'A5174', 'A5173', 'A5172', 'A5171', 'A5170', 'A5168', 'A5900', 'A5176', 'A5706', 'A5177', 'A5705', 'A5179', 'A5159', 'A5163', 'A5217', 'A5216', 'A5218', 'A5221', 'A5222', 'A5229', 'A5703', 'A5230', 'A5231', 'A5232', 'A5233', 'A5234', 'A5227', 'A5214', 'A5215', 'A5218', 'A5216', 'A5220', 'A5223', 'A5222', 'A5221', 'A5218', 'A5215', 'A5214', 'A5227', 'A5703', 'A5229', 'A5222', 'A5225', 'A5226', 'A5161', 'A5702', 'A5156', 'N-0498', 'A5156', 'A5159', 'A5179', 'A5164', 'A5165', 'A5182', 'A5181', 'A5180', 'A5164', 'A5179', 'A5705', 'A5165', 'A5164', 'A5180', 'A5184', 'A5180', 'A5186', 'A5185', 'A5186', 'A5188', 'A5190', 'A5191', 'A5190', 'A5192', 'A5193', 'A5194', 'A5195', 'A5198', 'A5199', 'A5200', 'A5199', 'A5201', 'A5202', 'A5201', 'A5503', 'A5203', 'A5204', 'A5205', 'A5204', 'A5208', 'A5207', 'A5206', 'A5503', 'A5196']"
53,A5169,"['A5169', 'A5168', 'A5170', 'A5171', 'A5172', 'A5175', 'A5172', 'A5173', 'A5174', 'A5173', 'A5172', 'A5171', 'A5170', 'A5168', 'A5900', 'A5176', 'A5706', 'A5177', 'A5705', 'A5179', 'A5159', 'A5163', 'A5217', 'A5216', 'A5218', 'A5221', 'A5222', 'A5229', 'A5703', 'A5230', 'A5231', 'A5232', 'A5233', 'A5234', 'A5227', 'A5214', 'A5215', 'A5218', 'A5216', 'A5220', 'A5223', 'A5222', 'A5221', 'A5218', 'A5215', 'A5214', 'A5227', 'A5703', 'A5229', 'A5222', 'A5225', 'A5226', 'A5161', 'A5702', 'A5156', 'N-0498', 'A5156', 'A5159', 'A5179', 'A5164', 'A5165', 'A5182', 'A5181', 'A5180', 'A5164', 'A5179', 'A5705', 'A5165', 'A5164', 'A5180', 'A5184', 'A5180', 'A5186', 'A5185', 'A5186', 'A5188', 'A5190', 'A5191', 'A5190', 'A5192', 'A5193', 'A5194', 'A5195', 'A5198', 'A5199', 'A5200', 'A5199', 'A5201', 'A5202', 'A5201', 'A5503', 'A5203', 'A5204', 'A5205', 'A5204', 'A5208', 'A5207', 'A5206', 'A5503', 'A5196']"
54,A5169,"['A5169', 'A5168', 'A5170', 'A5171', 'A5172', 'A5175', 'A5172', 'A5173', 'A5174', 'A5173', 'A5172', 'A5171', 'A5170', 'A5168', 'A5900', 'A5176', 'A5706', 'A5177', 'A5705', 'A5179', 'A5159', 'A5163', 'A5217', 'A5216', 'A5218', 'A5221', 'A5222', 'A5229', 'A5703', 'A5230', 'A5231', 'A5232', 'A5233', 'A5234', 'A5227', 'A5214', 'A5215', 'A5218', 'A5216', 'A5220', 'A5223', 'A5222', 'A5221', 'A5218', 'A5215', 'A5214', 'A5227', 'A5703', 'A5229', 'A5222', 'A5225', 'A5226', 'A5161', 'A5702', 'A5156', 'N-0498', 'A5156', 'A5159', 'A5179', 'A5164', 'A5165', 'A5182', 'A5181', 'A5180', 'A5164', 'A5179', 'A5705', 'A5165', 'A5164', 'A5180', 'A5184', 'A5180', 'A5186', 'A5185', 'A5186', 'A5188', 'A5190', 'A5191', 'A5190', 'A5192', 'A5193', 'A5194', 'A5195', 'A5198', 'A5199', 'A5200', 'A5199', 'A5201', 'A5202', 'A5201', 'A5503', 'A5203', 'A5204', 'A5205', 'A5204', 'A5208', 'A5207', 'A5206', 'A5503', 'A5196']"
55,A5169,"['A5169', 'A5168', 'A5170', 'A5171', 'A5172', 'A5175', 'A5172', 'A5173', 'A5174', 'A5173', 'A5172', 'A5171', 'A5170', 'A5168', 'A5900', 'A5176', 'A5706', 'A5177', 'A5705', 'A5179', 'A5159', 'A5163', 'A5217', 'A5216', 'A5218', 'A5221', 'A5222', 'A5229', 'A5703', 'A5230', 'A5231', 'A5232', 'A5233', 'A5234', 'A5227', 'A5214', 'A5215', 'A5218', 'A5216', 'A5220', 'A5223', 'A5222', 'A5221', 'A5218', 'A5215', 'A5214', 'A5227', 'A5703', 'A5229', 'A5222', 'A5225', 'A5226', 'A5161', 'A5702', 'A5156', 'N-0498', 'A5156', 'A5159', 'A5179', 'A5164', 'A5165', 'A5182', 'A5181', 'A5180', 'A5164', 'A5179', 'A5705', 'A5165', 'A5164', 'A5180', 'A5184', 'A5180', 'A5186', 'A5185', 'A5186', 'A5188', 'A5190', 'A5191', 'A5190', 'A5192', 'A5193', 'A5194', 'A5195', 'A5198', 'A5199', 'A5200', 'A5199', 'A5201', 'A5202', 'A5201', 'A5503', 'A5203', 'A5204', 'A5205', 'A5204', 'A5208', 'A5207', 'A5206', 'A5503', 'A5196']"
56,A5169,"['A5169', 'A5168', 'A5170', 'A5171', 'A5172', 'A5175', 'A5172', 'A5173', 'A5174', 'A5173', 'A5172', 'A5171', 'A5170', 'A5168', 'A5900', 'A5176', 'A5706', 'A5177', 'A5705', 'A5179', 'A5159', 'A5163', 'A5217', 'A5216', 'A5218', 'A5221', 'A5222', 'A5229', 'A5703', 'A5230', 'A5231', 'A5232', 'A5233', 'A5234', 'A5227', 'A5214', 'A5215', 'A5218', 'A5216', 'A5220', 'A5223', 'A5222', 'A5221', 'A5218', 'A5215', 'A5214', 'A5227', 'A5703', 'A5229', 'A5222', 'A5225', 'A5226', 'A5161', 'A5702', 'A5156', 'N-0498', 'A5156', 'A5159', 'A5179', 'A5164', 'A5165', 'A5182', 'A5181', 'A5180', 'A5164', 'A5179', 'A5705', 'A5165', 'A5164', 'A5180', 'A5184', 'A5180', 'A5186', 'A5185', 'A5186', 'A5188', 'A5190', 'A5191', 'A5190', 'A5192', 'A5193', 'A5194', 'A5195', 'A5198', 'A5199', 'A5200', 'A5199', 'A5201', 'A5202', 'A5201', 'A5503', 'A5203', 'A5204', 'A5205', 'A5204', 'A5208', 'A5207', 'A5206', 'A5503', 'A5196']"
57,A5169,"['A5169', 'A5168', 'A5170', 'A5171', 'A5172', 'A5175', 'A5172', 'A5173', 'A5174', 'A5173', 'A5172', 'A5171', 'A5170', 'A5168', 'A5900', 'A5176', 'A5706', 'A5177', 'A5705', 'A5179', 'A5159', 'A5163', 'A5217', 'A5216', 'A5218', 'A5221', 'A5222', 'A5229', 'A5703', 'A5230', 'A5231', 'A5232', 'A5233', 'A5234', 'A5227', 'A5214', 'A5215', 'A5218', 'A5216', 'A5220', 'A5223', 'A5222', 'A5221', 'A5218', 'A5215', 'A5214', 'A5227', 'A5703', 'A5229', 'A5222', 'A5225', 'A5226', 'A5161', 'A5702', 'A5156', 'N-0498', 'A5156', 'A5159', 'A5179', 'A5164', 'A5165', 'A5182', 'A5181', 'A5180', 'A5164', 'A5179', 'A5705', 'A5165', 'A5164', 'A5180', 'A5184', 'A5180', 'A5186', 'A5185', 'A5186', 'A5188', 'A5190', 'A5191', 'A5190', 'A5192', 'A5193', 'A5194', 'A5195', 'A5198', 'A5199', 'A5200', 'A5199', 'A5201', 'A5202', 'A5201', 'A5503', 'A5203', 'A5204', 'A5205', 'A5204', 'A5208', 'A5207', 'A5206', 'A5503', 'A5196']"
58,A5169,"['A5169', 'A5168', 'A5170', 'A5171', 'A5172', 'A5175', 'A5172', 'A5173', 'A5174', 'A5173', 'A5172', 'A5171', 'A5170', 'A5168', 'A5900', 'A5176', 'A5706', 'A5177', 'A5705', 'A5179', 'A5159', 'A5163', 'A5217', 'A5216', 'A5218', 'A5221', 'A5222', 'A5229', 'A5703', 'A5230', 'A5231', 'A5232', 'A5233', 'A5234', 'A5227', 'A5214', 'A5215', 'A5218', 'A5216', 'A5220', 'A5223', 'A5222', 'A5221', 'A5218', 'A5215', 'A5214', 'A5227', 'A5703', 'A5229', 'A5222', 'A5225', 'A5226', 'A5161', 'A5702', 'A5156', 'N-0498', 'A5156', 'A5159', 'A5179', 'A5164', 'A5165', 'A5182', 'A5181', 'A5180', 'A5164', 'A5179', 'A5705', 'A5165', 'A5164', 'A5180', 'A5184', 'A5180', 'A5186', 'A5185', 'A5186', 'A5188', 'A5190', 'A5191', 'A5190', 'A5192', 'A5193', 'A5194', 'A5195', 'A5198', 'A5199', 'A5200', 'A5199', 'A5201', 'A5202', 'A5201', 'A5503', 'A5203', 'A5204', 'A5205', 'A5204', 'A5208', 'A5207', 'A5206', 'A5503', 'A5196']"
59,A5169,"['A5169', 'A5168', 'A5170', 'A5171', 'A5172', 'A5175', 'A5172', 'A5173', 'A5174', 'A5173', 'A5172', 'A5171', 'A5170', 'A5168', 'A5900', 'A5176', 'A5706', 'A5177', 'A5705', 'A5179', 'A5159', 'A5163', 'A5217', 'A5216', 'A5218', 'A5221', 'A5222', 'A5229', 'A5703', 'A5230', 'A5231', 'A5232', 'A5233', 'A5234', 'A5227', 'A5214', 'A5215', 'A5218', 'A5216', 'A5220', 'A5223', 'A5222', 'A5221', 'A5218', 'A5215', 'A5214', 'A5227', 'A5703', 'A5229', 'A5222', 'A5225', 'A5226', 'A5161', 'A5702', 'A5156', 'N-0498', 'A5156', 'A5159', 'A5179', 'A5164', 'A5165', 'A5182', 'A5181', 'A5180', 'A5164', 'A5179', 'A5705', 'A5165', 'A5164', 'A5180', 'A5184', 'A5180', 'A5186', 'A5185', 'A5186', 'A5188', 'A5190', 'A5191', 'A5190', 'A5192', 'A5193', 'A5194', 'A5195', 'A5198', 'A5199', 'A5200', 'A5199', 'A5201', 'A5202', 'A5201', 'A5503', 'A5203', 'A5204', 'A5205', 'A5204', 'A5208', 'A5207', 'A5206', 'A5503', 'A5196']"
